------------------------------------------------------------------------------
INITIALISING DATA
------------------------------------------------------------------------------
Category A has 55 pictures
Category B has 55 pictures
Category C has 55 pictures
Category D has 55 pictures
Category E has 55 pictures
Category F has 55 pictures
Category G has 55 pictures
Category H has 55 pictures
Category I has 55 pictures
Category J has 55 pictures
Category K has 55 pictures
Category L has 55 pictures
Category M has 55 pictures
Category N has 55 pictures
Category O has 55 pictures
Category P has 55 pictures
Category Q has 55 pictures
Category R has 55 pictures
Category S has 55 pictures
Category T has 55 pictures
Category U has 55 pictures
Category V has 55 pictures
Category W has 55 pictures
Category X has 55 pictures
Category Y has 55 pictures
Category Z has 55 pictures
------------------------------------------------------------------------------
TRAINING MODEL
------------------------------------------------------------------------------
Iteration 1, loss = 2.65964741
Iteration 2, loss = 1.01090416
Iteration 3, loss = 0.33077021
Iteration 4, loss = 0.13226296
Iteration 5, loss = 0.05306155
Iteration 6, loss = 0.02366855
Iteration 7, loss = 0.01110449
Iteration 8, loss = 0.00665545
Iteration 9, loss = 0.00457497
Iteration 10, loss = 0.00341127
Iteration 11, loss = 0.00278309
Iteration 12, loss = 0.00236131
Iteration 13, loss = 0.00209357
Iteration 14, loss = 0.00189682
Iteration 15, loss = 0.00174772
Iteration 16, loss = 0.00162142
Iteration 17, loss = 0.00152030
Iteration 18, loss = 0.00144018
Iteration 19, loss = 0.00136757
Iteration 20, loss = 0.00130191
Iteration 21, loss = 0.00124347
Iteration 22, loss = 0.00119203
Iteration 23, loss = 0.00114481
Iteration 24, loss = 0.00110080
Iteration 25, loss = 0.00106075
Iteration 26, loss = 0.00102394
Iteration 27, loss = 0.00099010
Iteration 28, loss = 0.00095801
Training loss did not improve more than tol=0.000100 for 10 consecutive epochs. Stopping.
------------------------------------------------------------------------------
VALIDATION DATA RESULT
------------------------------------------------------------------------------
              precision    recall  f1-score   support

           A       0.67      1.00      0.80         2
           B       1.00      0.83      0.91         6
           C       1.00      1.00      1.00         7
           D       1.00      1.00      1.00         3
           E       1.00      0.86      0.92         7
           F       0.80      0.80      0.80         5
           G       1.00      1.00      1.00         4
           H       1.00      1.00      1.00         5
           I       0.80      1.00      0.89         4
           J       1.00      1.00      1.00         7
           K       1.00      1.00      1.00         9
           L       1.00      1.00      1.00         3
           M       1.00      0.83      0.91         6
           N       1.00      1.00      1.00         7
           O       1.00      1.00      1.00         5
           P       1.00      1.00      1.00         4
           Q       1.00      0.50      0.67         2
           R       0.89      1.00      0.94         8
           S       1.00      1.00      1.00         4
           T       1.00      0.80      0.89         5
           U       0.80      1.00      0.89         4
           V       1.00      0.83      0.91         6
           W       1.00      1.00      1.00         4
           X       0.75      1.00      0.86         3
           Y       0.83      0.83      0.83         6
           Z       0.75      1.00      0.86         3

    accuracy                           0.94       129
   macro avg       0.93      0.93      0.93       129
weighted avg       0.95      0.94      0.94       129

[[2 0 0 0 0 0 0 0 0 0 0 0 0 0 0 0 0 0 0 0 0 0 0 0 0 0]
 [0 5 0 0 0 0 0 0 0 0 0 0 0 0 0 0 0 0 0 0 1 0 0 0 0 0]
 [0 0 7 0 0 0 0 0 0 0 0 0 0 0 0 0 0 0 0 0 0 0 0 0 0 0]
 [0 0 0 3 0 0 0 0 0 0 0 0 0 0 0 0 0 0 0 0 0 0 0 0 0 0]
 [0 0 0 0 6 1 0 0 0 0 0 0 0 0 0 0 0 0 0 0 0 0 0 0 0 0]
 [0 0 0 0 0 4 0 0 1 0 0 0 0 0 0 0 0 0 0 0 0 0 0 0 0 0]
 [0 0 0 0 0 0 4 0 0 0 0 0 0 0 0 0 0 0 0 0 0 0 0 0 0 0]
 [0 0 0 0 0 0 0 5 0 0 0 0 0 0 0 0 0 0 0 0 0 0 0 0 0 0]
 [0 0 0 0 0 0 0 0 4 0 0 0 0 0 0 0 0 0 0 0 0 0 0 0 0 0]
 [0 0 0 0 0 0 0 0 0 7 0 0 0 0 0 0 0 0 0 0 0 0 0 0 0 0]
 [0 0 0 0 0 0 0 0 0 0 9 0 0 0 0 0 0 0 0 0 0 0 0 0 0 0]
 [0 0 0 0 0 0 0 0 0 0 0 3 0 0 0 0 0 0 0 0 0 0 0 0 0 0]
 [1 0 0 0 0 0 0 0 0 0 0 0 5 0 0 0 0 0 0 0 0 0 0 0 0 0]
 [0 0 0 0 0 0 0 0 0 0 0 0 0 7 0 0 0 0 0 0 0 0 0 0 0 0]
 [0 0 0 0 0 0 0 0 0 0 0 0 0 0 5 0 0 0 0 0 0 0 0 0 0 0]
 [0 0 0 0 0 0 0 0 0 0 0 0 0 0 0 4 0 0 0 0 0 0 0 0 0 0]
 [0 0 0 0 0 0 0 0 0 0 0 0 0 0 0 0 1 1 0 0 0 0 0 0 0 0]
 [0 0 0 0 0 0 0 0 0 0 0 0 0 0 0 0 0 8 0 0 0 0 0 0 0 0]
 [0 0 0 0 0 0 0 0 0 0 0 0 0 0 0 0 0 0 4 0 0 0 0 0 0 0]
 [0 0 0 0 0 0 0 0 0 0 0 0 0 0 0 0 0 0 0 4 0 0 0 0 0 1]
 [0 0 0 0 0 0 0 0 0 0 0 0 0 0 0 0 0 0 0 0 4 0 0 0 0 0]
 [0 0 0 0 0 0 0 0 0 0 0 0 0 0 0 0 0 0 0 0 0 5 0 0 1 0]
 [0 0 0 0 0 0 0 0 0 0 0 0 0 0 0 0 0 0 0 0 0 0 4 0 0 0]
 [0 0 0 0 0 0 0 0 0 0 0 0 0 0 0 0 0 0 0 0 0 0 0 3 0 0]
 [0 0 0 0 0 0 0 0 0 0 0 0 0 0 0 0 0 0 0 0 0 0 0 1 5 0]
 [0 0 0 0 0 0 0 0 0 0 0 0 0 0 0 0 0 0 0 0 0 0 0 0 0 3]]
0.937984496124031
------------------------------------------------------------------------------
TEST DATA RESULT
------------------------------------------------------------------------------
              precision    recall  f1-score   support

           A       0.86      1.00      0.92         6
           B       1.00      1.00      1.00         6
           C       0.75      1.00      0.86         3
           D       1.00      0.83      0.91         6
           E       1.00      0.86      0.92         7
           F       0.83      1.00      0.91         5
           G       1.00      0.82      0.90        11
           H       0.50      1.00      0.67         3
           I       0.83      1.00      0.91         5
           J       1.00      1.00      1.00         4
           K       1.00      0.71      0.83         7
           L       0.89      1.00      0.94         8
           M       0.50      0.33      0.40         3
           N       1.00      0.83      0.91         6
           O       1.00      1.00      1.00         7
           P       1.00      0.75      0.86         8
           Q       0.57      1.00      0.73         4
           R       1.00      1.00      1.00         1
           S       1.00      1.00      1.00         8
           T       0.88      1.00      0.93         7
           U       1.00      0.83      0.91         6
           V       1.00      1.00      1.00         5
           W       1.00      0.67      0.80         3
           X       1.00      1.00      1.00         5
           Y       1.00      1.00      1.00         3
           Z       1.00      1.00      1.00         6

    accuracy                           0.91       143
   macro avg       0.91      0.91      0.90       143
weighted avg       0.93      0.91      0.91       143

[[6 0 0 0 0 0 0 0 0 0 0 0 0 0 0 0 0 0 0 0 0 0 0 0 0 0]
 [0 6 0 0 0 0 0 0 0 0 0 0 0 0 0 0 0 0 0 0 0 0 0 0 0 0]
 [0 0 3 0 0 0 0 0 0 0 0 0 0 0 0 0 0 0 0 0 0 0 0 0 0 0]
 [0 0 0 5 0 0 0 0 1 0 0 0 0 0 0 0 0 0 0 0 0 0 0 0 0 0]
 [0 0 0 0 6 0 0 0 0 0 0 1 0 0 0 0 0 0 0 0 0 0 0 0 0 0]
 [0 0 0 0 0 5 0 0 0 0 0 0 0 0 0 0 0 0 0 0 0 0 0 0 0 0]
 [0 0 1 0 0 0 9 0 0 0 0 0 0 0 0 0 1 0 0 0 0 0 0 0 0 0]
 [0 0 0 0 0 0 0 3 0 0 0 0 0 0 0 0 0 0 0 0 0 0 0 0 0 0]
 [0 0 0 0 0 0 0 0 5 0 0 0 0 0 0 0 0 0 0 0 0 0 0 0 0 0]
 [0 0 0 0 0 0 0 0 0 4 0 0 0 0 0 0 0 0 0 0 0 0 0 0 0 0]
 [0 0 0 0 0 0 0 0 0 0 5 0 1 0 0 0 0 0 0 1 0 0 0 0 0 0]
 [0 0 0 0 0 0 0 0 0 0 0 8 0 0 0 0 0 0 0 0 0 0 0 0 0 0]
 [0 0 0 0 0 0 0 2 0 0 0 0 1 0 0 0 0 0 0 0 0 0 0 0 0 0]
 [1 0 0 0 0 0 0 0 0 0 0 0 0 5 0 0 0 0 0 0 0 0 0 0 0 0]
 [0 0 0 0 0 0 0 0 0 0 0 0 0 0 7 0 0 0 0 0 0 0 0 0 0 0]
 [0 0 0 0 0 1 0 0 0 0 0 0 0 0 0 6 1 0 0 0 0 0 0 0 0 0]
 [0 0 0 0 0 0 0 0 0 0 0 0 0 0 0 0 4 0 0 0 0 0 0 0 0 0]
 [0 0 0 0 0 0 0 0 0 0 0 0 0 0 0 0 0 1 0 0 0 0 0 0 0 0]
 [0 0 0 0 0 0 0 0 0 0 0 0 0 0 0 0 0 0 8 0 0 0 0 0 0 0]
 [0 0 0 0 0 0 0 0 0 0 0 0 0 0 0 0 0 0 0 7 0 0 0 0 0 0]
 [0 0 0 0 0 0 0 0 0 0 0 0 0 0 0 0 1 0 0 0 5 0 0 0 0 0]
 [0 0 0 0 0 0 0 0 0 0 0 0 0 0 0 0 0 0 0 0 0 5 0 0 0 0]
 [0 0 0 0 0 0 0 1 0 0 0 0 0 0 0 0 0 0 0 0 0 0 2 0 0 0]
 [0 0 0 0 0 0 0 0 0 0 0 0 0 0 0 0 0 0 0 0 0 0 0 5 0 0]
 [0 0 0 0 0 0 0 0 0 0 0 0 0 0 0 0 0 0 0 0 0 0 0 0 3 0]
 [0 0 0 0 0 0 0 0 0 0 0 0 0 0 0 0 0 0 0 0 0 0 0 0 0 6]]
0.9090909090909091
------------------------------------------------------------------------------
OVERALL DATA
------------------------------------------------------------------------------
Training set score: 1.000000
Validation set score: 0.937984
Test set score: 0.909091